id: CMS-PAS-SUS-16-052-agg
sqrts: 13.0*TeV
lumi: 35.9/fb
prettyName: soft lepton, <= 2 jets
url: http://cms-results.web.cern.ch/cms-results/public-results/preliminary-results/SUS-16-052/index.html
contact: SModelS
comment: https://cds.cern.ch/record/2273394, http://inspirehep.net/record/1609006
private: False
implementedBy: Wolfgang Waltenberger
lastUpdate: 2018/6/25
datasetOrder: "ar1","ar2","ar3","ar4","ar5","ar6","ar7","ar8","ar9","ar10","ar11","ar12","ar13","ar14","ar15","ar16","ar17"
covariance: [[35.36, 260.9, 4.883, 78.31, 17.05, 116.6, 9.018, 9.919, 9.744, 6.926, 0.6407, 1.963, 3.162, 3.226, 0.8482, 0.5392, 78.52], [260.9, 7273, 63.61, 1943, 129.1, 2668, 197.3, 212.5, 162.1, 108, 5.068, 28.86, 1.118, 12.96, 12.94, 5.818, 1420], [4.883, 63.61, 5.831, 23.19, 5.782, 30.09, 2.557, 2.537, 3.037, 1.57, 0.1967, 0.3334, 1.072, 1.01, 0.2609, 0.1112, 22.08], [78.31, 1943, 23.19, 733.1, 46.12, 780.1, 61.73, 68.43, 46.9, 26.08, 1.742, 6.313, 3.236, 4.507, 3.644, 1.84, 409.7], [17.05, 129.1, 5.782, 46.12, 42.72, 94.04, 6.931, 6.424, 11.28, 10.75, 0.8738, 2.783, 5.662, 5.322, 0.9152, 0.7956, 76.75], [116.6, 2668, 30.09, 780.1, 94.04, 1437, 83.23, 86.41, 66.43, 53.46, 2.747, 15.6, 9.035, 12.99, 7.038, 3.489, 608.2], [9.018, 197.3, 2.557, 61.73, 6.931, 83.23, 13.02, 10.14, 5.289, 3.316, 0.1967, 0.997, 0.5455, 0.9408, 0.4086, 0.1643, 48.51], [9.919, 212.5, 2.537, 68.43, 6.424, 86.41, 10.14, 17.02, 5.175, 3.534, 0.2743, 0.9977, 0.7626, 0.899, 0.4231, 0.171, 52.91], [9.744, 162.1, 3.037, 46.9, 11.28, 66.43, 5.289, 5.175, 16.61, 7.926, 0.7498, 1.643, 1.666, 1.921, 0.5567, 0.3348, 61.62], [6.926, 108, 1.57, 26.08, 10.75, 53.46, 3.316, 3.534, 7.926, 118.2, 2.335, 20.98, 3.471, 7.03, 8.74, 3.747, 224.4], [0.6407, 5.068, 0.1967, 1.742, 0.8738, 2.747, 0.1967, 0.2743, 0.7498, 2.335, 0.7627, 0.8127, 0.2044, 0.2553, 0.2347, 0.09107, 7.57], [1.963, 28.86, 0.3334, 6.313, 2.783, 15.6, 0.997, 0.9977, 1.643, 20.98, 0.8127, 12.13, 1.027, 1.775, 2.263, 0.9252, 56.67], [3.162, 1.118, 1.072, 3.236, 5.662, 9.035, 0.5455, 0.7626, 1.666, 3.471, 0.2044, 1.027, 3.282, 1.698, 0.8221, 0.2625, 15.64], [3.226, 12.96, 1.01, 4.507, 5.322, 12.99, 0.9408, 0.899, 1.921, 7.03, 0.2553, 1.775, 1.698, 3.516, 1.769, 0.3788, 24.92], [0.8482, 12.94, 0.2609, 3.644, 0.9152, 7.038, 0.4086, 0.4231, 0.5567, 8.74, 0.2347, 2.263, 0.8221, 1.769, 3.143, 0.4236, 24.75], [0.5392, 5.818, 0.1112, 1.84, 0.7956, 3.489, 0.1643, 0.171, 0.3348, 3.747, 0.09107, 0.9252, 0.2625, 0.3788, 0.4236, 0.6252, 10.01], [78.52, 1420, 22.08, 409.7, 76.75, 608.2, 48.51, 52.91, 61.62, 224.4, 7.57, 56.67, 15.64, 24.92, 24.75, 10.01, 1006]]
