id: CMS-SUS-16-050-agg
sqrts: 13.0*TeV
lumi: 35.9/fb
prettyName: hadronic top tagging
url: http://cms-results.web.cern.ch/cms-results/public-results/publications/SUS-16-050/index.html
arxiv: https://arxiv.org/abs/1719.11188
contact: SModelS
supersedes: CMS-PAS-SUS-16-050
private: False
implementedBy: Wolfgang Waltenberger
lastUpdate: 2018/5/31
datasetOrder: "ar1","ar2","ar3","ar4","ar5","ar6","ar7","ar8","ar9","ar10","ar11","ar12","ar13","ar14","ar15","ar16","ar17","ar18","ar19","ar20","ar21","ar22","ar23","ar24","ar25","ar26","ar27","ar28","ar29","ar30","ar31","ar32","ar33","ar34","ar35","ar36","ar37","ar38","ar39","ar40","ar41","ar42","ar43","ar44","ar45","ar46","ar47","ar48","ar49","ar50","ar51","ar52","ar53","ar54","ar55","ar56"
covariance: [[4.79e+04, 855.8, 127.4, 28.24, 110.7, 4046, 317.9, 81.07, 45.24, 105.2, 0.8675, 30.89, 172.3, 77.02, 966.9, 73.31, 1.896, 229.9, 74.89, 174.9, 49.29, 49.28, 58.28, 47.5, 27.23, 28.94, 818.7, 101.5, 60.36, 26.78, 420.6, 188.3, 55.46, 37.8, 104.8, 667.5, 139.8, 38.77, 28.5, 423, 64.89, 26.39, 85.61, 39.81, 176.9, 33.96, 1.262, 71.06, 34.42, 33.9, 1.554, 1.376, 23.16, 34.44, 0.2817, 0.03595], [855.8, 143, 10.87, 2.555, 5.496, 121.3, 12.45, 3.614, 2.038, 3.122, 0.02531, 1.142, 4.893, 2.534, 37.46, 1.959, 0.06905, 7.99, 1.529, 3.374, 2.321, 2.186, 2.229, 1.374, 4.467, 1.403, 12, 3.359, 1.794, 1.414, 11.22, 5.828, 1.929, 1.138, 3.648, 16.59, 3.742, 1.545, 1.052, 9.567, 3.061, 1.836, 2.293, 1.177, 4.848, 0.75, 0.476, 1.984, 2.61, 0.5795, 0.7022, 0.2798, 0.9273, 1.429, 0.2538, 0.00129], [127.4, 10.87, 237.1, 19.58, 5.548, 66.14, 27.74, 13.85, 1.375, 1.602, 0.08261, 1.217, 5.087, 2.769, 6.899, 2.201, 0.07102, 4.346, 3.183, 2.097, 2.926, 2.827, 2.21, -0.6276, 5.98, 1.116, 4.504, 3.336, 5.209, 1.492, 3.543, 2.522, 1.937, 0.6652, 3.635, 3.071, 3.01, 4.778, 0.6868, 0.766, 2.141, 2.9, 0.7613, 1.804, 2.343, 0.9824, 0.9717, 1.779, 2.562, 0.3027, 0.9636, 0.7208, 0.7837, 1.532, 1.093, 0.0004801], [28.24, 2.555, 19.58, 122.5, 1.506, 11.84, 8.402, 9.293, 0.5857, 0.2311, 0.06194, 0.5407, 0.8598, 0.4148, 6.766, 0.7666, 0.04739, 2.097, 2.091, 0.061, 1.016, 1.347, 0.7369, 1.34, 2.675, 0.6038, -4.353, 0.7675, 3.601, 0.812, 0.8355, -0.1199, 1.139, 0.6746, 1.623, 0.817, 0.9882, 1.882, 0.5207, -0.3811, 0.9386, 1.782, 0.6863, 0.5939, 0.1496, 0.6221, 0.1098, 0.21, 1.249, 1.319, 0.08477, 0.2324, 0.369, 0.816, 0.2208, 0.0002616], [110.7, 5.496, 5.548, 1.506, 7.306, 27.6, 3.191, 1.096, 0.4271, 0.7269, 0.01469, 0.4585, 1.306, 0.909, 5.476, 0.4951, 0.02759, 1.566, 0.8973, 1.059, 0.5504, 0.7885, 1.019, 0.4899, 1.638, 0.4364, 1.96, 0.5482, 0.5551, 0.5588, 1.851, 1.012, 0.6791, 0.5031, 0.8885, 2.836, 0.6556, 0.6494, 0.3271, 0.929, 0.7758, 0.8048, 0.4345, 0.5631, 1.103, 0.2684, 0.2095, 0.4764, 0.9352, 0.2505, 0.2487, 0.2715, 0.1367, 0.3705, 0.02104, 0.0002889], [4046, 121.3, 66.14, 11.84, 27.6, 1033, 83.34, 21.09, 5.105, 17.11, 0.2182, 5.858, 29.72, 15.32, 177.4, 10.79, 0.6499, 29.78, 12.92, 17.57, 7.104, 8.49, 12.55, 6.419, 9.635, 7.052, 55.24, 10.22, 6.806, 5.982, 56.91, 29.29, 9.003, 7.364, 23.33, 50.05, 12.84, 6.956, 4.874, 38.19, 11.29, 5.728, 10.88, 7.023, 17.57, 4.134, 1.162, 8.762, 6.939, 4.031, 0.7936, 1.193, 1.918, 3.412, -0.7421, 0.007149], [317.9, 12.45, 27.74, 8.402, 3.191, 83.34, 66.12, 6.524, 0.8416, 1.916, 0.03474, 0.6163, 3.533, 1.648, 12.37, 1.118, 0.07703, 2.811, 1.691, 1.885, 1.27, 1.587, 2.417, 0.7351, 1.788, 0.9421, 3.673, 0.6929, 2.169, 1.096, 4.868, 2.108, 1.261, 0.6355, 2.814, 3.789, 1.198, 3.571, 0.5742, 3.746, 1.298, 1.296, 0.7735, 1.605, 0.9887, 0.5342, 0.2112, 1.018, 1.332, 0.6612, 0.5608, 0.8052, 0.2792, 0.7913, 0.5402, 0.0007042], [81.07, 3.614, 13.85, 9.293, 1.096, 21.09, 6.524, 7.811, 0.3595, 0.5492, 0.01544, 0.2747, 1.033, 0.6404, 4.144, 0.3842, 0.02262, 1.245, 0.817, 0.4425, 0.6897, 0.6301, 0.8475, 0.5819, 0.9103, 0.4214, 0.9435, 0.5508, 1.625, 0.5051, 1.909, 0.7569, 0.5534, 0.2808, 0.8425, 1.481, 0.8066, 1.334, 0.3126, 1.135, 0.4312, 0.7764, 0.4562, 0.4201, 0.8296, 0.2569, 0.2615, 0.3676, 0.5628, 0.3475, 0.1977, 0.1456, 0.2048, 0.4527, 0.2242, 0.0002229], [45.24, 2.038, 1.375, 0.5857, 0.4271, 5.105, 0.8416, 0.3595, 0.9148, 0.2752, 0.001105, 0.2049, 0.4683, 0.3054, 2.135, 0.23, 0.00401, 0.6836, 0.3848, 0.5327, 0.2419, 0.3255, 0.5027, 0.2364, 0.6336, 0.2252, 1.434, 0.4042, 0.2734, 0.2484, 0.7879, 0.3404, 0.2761, 0.1406, 0.3843, 1.487, 0.4591, 0.2309, 0.1834, 0.8996, 0.4078, 0.29, 0.2156, 0.2759, 0.5605, 0.1488, 0.05052, 0.3268, 0.3349, 0.1496, 0.09067, 0.05869, 0.1392, 0.2346, 0.04396, 0.0001097], [105.2, 3.122, 1.602, 0.2311, 0.7269, 17.11, 1.916, 0.5492, 0.2752, 2.407, 0.005845, 0.2229, 0.6411, 0.4869, 4.079, 0.2626, 0.01273, 1.014, 0.5805, 0.7041, 0.2989, 0.5058, 0.514, 0.159, 0.5492, 0.2564, 2.016, 0.3279, 0.4097, 0.2036, 1.58, 0.8542, 0.343, 0.2258, 0.542, 1.938, 0.5595, 0.4512, 0.2531, 1.384, 0.611, 0.2732, 0.4005, 0.4173, 0.8807, 0.199, 0.0522, 0.4626, 0.4155, 0.1696, 0.07947, -0.01816, 0.1108, 0.2067, 0.02387, 0.0001496], [0.8675, 0.02531, 0.08261, 0.06194, 0.01469, 0.2182, 0.03474, 0.01544, 0.001105, 0.005845, 0.003055, 0.003462, 0.01109, 0.004179, 0.02899, 0.001822, 0.0007215, 0.01359, 0.005328, 0.006443, 6.297e-05, 0.006232, 0.006559, -0.001158, 0.01419, 0.002607, -0.003035, 0.003693, 0.007768, -0.0003991, 0.008017, 0.006375, 0.002933, 0.004155, 0.002493, 0.02026, 0.001859, 0.0009941, 0.002332, -0.0005107, 0.0002514, 0.003351, 0.003251, 0.0009407, -0.0009778, 0.002252, 0.0007564, 0.0007684, 0.004348, 0.00669, 0.001179, 0.0009056, 0.001613, 0.001098, 0.00143, 1.515e-06], [30.89, 1.142, 1.217, 0.5407, 0.4585, 5.858, 0.6163, 0.2747, 0.2049, 0.2229, 0.003462, 1.034, 0.34, 0.327, 1.758, 0.1632, 0.00558, 0.5773, 0.4759, 0.2844, 0.1825, 0.2838, 0.4297, 0.2835, 0.4053, 0.1791, 1.155, 0.22, 0.2429, 0.2447, 0.5162, 0.2557, 0.2916, 0.1718, 0.3512, 0.9736, 0.2973, 0.2014, 0.1555, 0.602, 0.2949, 0.3295, 0.2559, 0.2629, 0.5227, 0.1489, 0.0576, 0.2136, 0.3078, 0.1852, 0.04918, 0.04704, 0.09788, 0.1621, 0.05577, 7.845e-05], [172.3, 4.893, 5.087, 0.8598, 1.306, 29.72, 3.533, 1.033, 0.4683, 0.6411, 0.01109, 0.34, 6.547, 0.7525, 6.089, 0.5119, 0.02943, 1.697, 0.9945, 0.7945, 0.6994, 0.5189, 0.6228, 0.1983, 1.053, 0.3833, 3.474, 0.8382, 0.4836, 0.3296, 1.994, 1.112, 0.6061, 0.3233, 0.9377, 3.27, 0.6846, 0.5708, 0.1688, 1.929, 0.6082, 0.493, 0.685, 0.5627, 1.266, 0.1739, 0.07944, 0.6737, 0.5375, 0.2971, 0.09157, 0.1515, 0.1728, 0.3539, 0.01793, 0.0003297], [77.02, 2.534, 2.769, 0.4148, 0.909, 15.32, 1.648, 0.6404, 0.3054, 0.4869, 0.004179, 0.327, 0.7525, 3.258, 3.811, 0.3473, 0.01229, 1.174, 0.8614, 0.8045, 0.3319, 0.5701, 0.5693, 0.4774, 0.8059, 0.3348, 1.414, 0.462, 0.3699, 0.3721, 1.416, 0.9767, 0.5903, 0.2499, 0.7708, 1.614, 0.4951, 0.6134, 0.3238, 1.525, 0.2612, 0.4805, 0.3966, 0.5326, 0.7567, 0.2603, 0.1152, 0.3764, 0.527, 0.3011, 0.1383, 0.08075, 0.1475, 0.3122, 0.1214, 0.0001628], [966.9, 37.46, 6.899, 6.766, 5.476, 177.4, 12.37, 4.144, 2.135, 4.079, 0.02899, 1.758, 6.089, 3.811, 318.7, 1.72, 0.1031, 10.18, 4.125, 3.73, 3.485, 2.997, 4.43, 1.388, 4.262, 1.965, 14.49, 3.185, 1.606, 2.419, 16.98, 5.812, 1.716, 2.077, 5.579, 18.29, 3.84, 2.035, 1.358, 10.82, 3.611, 2.579, 4.056, 2.133, 6.429, 1.717, 0.164, 2.439, 2.233, 1.709, 0.3763, 0.2882, 1.028, 0.9893, -0.3095, 0.001508], [73.31, 1.959, 2.201, 0.7666, 0.4951, 10.79, 1.118, 0.3842, 0.23, 0.2626, 0.001822, 0.1632, 0.5119, 0.3473, 1.72, 1.758, 0.007434, 0.8231, 0.4203, 0.2719, 0.2126, 0.2283, 0.4844, 0.1517, 0.2393, 0.1458, 2.181, 0.2355, 0.255, 0.1552, 0.8917, 0.583, 0.2705, 0.1396, 0.3043, 1.296, 0.4142, 0.2446, 0.1476, 1.015, 0.2085, 0.2145, 0.2915, 0.3488, 0.6997, 0.1494, 0.02727, 0.3179, 0.248, 0.1764, 0.0161, 0.0719, 0.1118, 0.2034, 0.01608, 0.0001215], [1.896, 0.06905, 0.07102, 0.04739, 0.02759, 0.6499, 0.07703, 0.02262, 0.00401, 0.01273, 0.0007215, 0.00558, 0.02943, 0.01229, 0.1031, 0.007434, 0.003504, 0.01742, 0.01423, 0.008245, 0.004684, 0.01588, 0.01301, 0.00605, 0.0227, 0.003678, 0.002779, -0.004455, 0.01088, 0.005624, 0.03014, 0.01758, 0.01209, 0.008822, 0.02269, 0.01276, 0.005571, 0.005964, 0.005348, 0.008176, 0.0009257, 0.004601, 0.007238, 0.004703, 0.01039, 0.005273, 0.001799, 0.0069, 0.01132, 0.006012, 0.003001, 0.002361, 0.001349, 0.00031, 0.0006122, 3.514e-06], [229.9, 7.99, 4.346, 2.097, 1.566, 29.78, 2.811, 1.245, 0.6836, 1.014, 0.01359, 0.5773, 1.697, 1.174, 10.18, 0.8231, 0.01742, 16.72, 1.256, 1.726, 1.526, 0.732, 1.481, 0.6462, 2.167, 0.6714, 5.188, 0.976, 0.8925, 0.6662, 3.433, 1.273, 0.832, 0.6041, 1.215, 5.287, 1.585, 0.6896, 0.5583, 3.293, 0.8548, 0.7833, 1.041, 0.9427, 2.158, 0.5453, 0.1234, 1.25, 0.8885, 0.1846, 0.07425, 0.3202, 0.3412, 0.6723, 0.1382, 0.0004167], [74.89, 1.529, 3.183, 2.091, 0.8973, 12.92, 1.691, 0.817, 0.3848, 0.5805, 0.005328, 0.4759, 0.9945, 0.8614, 4.125, 0.4203, 0.01423, 1.256, 5.588, 1.049, 0.5212, 0.7968, 0.8743, 0.4508, 0.9129, 0.3696, 1.585, 0.6157, 0.5815, 0.5436, 1.321, 0.7758, 0.6448, 0.3286, 0.6936, 1.696, 0.71, 0.8084, 0.34, 1.253, 0.433, 0.6262, 0.5338, 0.6615, 1.116, 0.3121, 0.1466, 0.3984, 0.9108, 0.5025, 0.1872, 0.1586, 0.2822, 0.4302, 0.1046, 0.0001684], [174.9, 3.374, 2.097, 0.061, 1.059, 17.57, 1.885, 0.4425, 0.5327, 0.7041, 0.006443, 0.2844, 0.7945, 0.8045, 3.73, 0.2719, 0.008245, 1.726, 1.049, 11.05, 0.4105, 0.6664, 0.8928, 0.2401, 0.6684, 0.4151, 4.133, 1.136, 0.5909, 0.384, 2.454, 0.9547, 0.4644, 0.218, 0.8585, 3.946, 1.329, 0.3001, 0.4481, 2.387, 0.6044, 0.6246, 0.445, 0.3604, 1.185, 0.3384, 0.06372, 0.6417, 0.6108, 0.4275, 0.1253, 0.1411, 0.2602, 0.5406, 0.1081, 0.0002107], [49.29, 2.321, 2.926, 1.016, 0.5504, 7.104, 1.27, 0.6897, 0.2419, 0.2989, 6.297e-05, 0.1825, 0.6994, 0.3319, 3.485, 0.2126, 0.004684, 1.526, 0.5212, 0.4105, 3.99, 0.4837, 0.57, 0.264, 0.7417, 0.3705, 1.634, 0.2647, 0.2924, 0.4064, 1.009, 0.3455, 0.2862, 0.1291, 0.3449, 1.444, 0.4242, 0.5185, 0.2502, 0.8381, 0.4531, 0.3929, 0.3106, 0.2776, 0.8018, 0.1881, 0.166, 0.3693, 0.6087, 0.3656, 0.1967, 0.1007, 0.1452, 0.2709, 0.0841, 0.0001068], [49.28, 2.186, 2.827, 1.347, 0.7885, 8.49, 1.587, 0.6301, 0.3255, 0.5058, 0.006232, 0.2838, 0.5189, 0.5701, 2.997, 0.2283, 0.01588, 0.732, 0.7968, 0.6664, 0.4837, 3.688, 0.6895, 0.4874, 0.9931, 0.3418, 1.245, 0.302, 0.4573, 0.3812, 1.063, 0.5595, 0.3468, 0.2656, 0.6392, 1.426, 0.6419, 0.483, 0.31, 1.032, 0.3283, 0.4865, 0.3772, 0.5003, 1.102, 0.2442, 0.07506, 0.2606, 0.6306, 0.3454, 0.17, 0.1175, 0.1819, 0.38, 0.06909, 9.273e-05], [58.28, 2.229, 2.21, 0.7369, 1.019, 12.55, 2.417, 0.8475, 0.5027, 0.514, 0.006559, 0.4297, 0.6228, 0.5693, 4.43, 0.4844, 0.01301, 1.481, 0.8743, 0.8928, 0.57, 0.6895, 6.7, 0.3523, 1.081, 0.3711, 1.316, 0.469, 0.5001, 0.2724, 1.358, 0.7539, 0.4417, 0.2201, 0.5772, 1.81, 0.4551, 0.4807, 0.3416, 1.199, 0.5885, 0.4898, 0.4214, 0.3124, 0.9459, 0.3111, 0.09778, 0.4731, 0.6813, 0.1802, 0.1218, 0.1483, 0.2358, 0.3522, 0.09212, 0.0001772], [47.5, 1.374, -0.6276, 1.34, 0.4899, 6.419, 0.7351, 0.5819, 0.2364, 0.159, -0.001158, 0.2835, 0.1983, 0.4774, 1.388, 0.1517, 0.00605, 0.6462, 0.4508, 0.2401, 0.264, 0.4874, 0.3523, 13.73, 0.9702, 0.1801, 1.889, 0.5008, 0.3028, 0.3201, 0.7787, 0.2646, 0.3419, 0.1586, 0.598, 0.9149, 0.4405, 0.0503, 0.3702, 0.5782, -0.2215, 0.2432, 0.2311, 0.2369, 0.4035, 0.09945, 0.1282, 0.1246, 0.4206, 0.2148, 0.1272, 0.09526, 0.1169, 0.3609, 0.06612, 9.263e-05], [27.23, 4.467, 5.98, 2.675, 1.638, 9.635, 1.788, 0.9103, 0.6336, 0.5492, 0.01419, 0.4053, 1.053, 0.8059, 4.262, 0.2393, 0.0227, 2.167, 0.9129, 0.6684, 0.7417, 0.9931, 1.081, 0.9702, 20.6, 0.6138, 0.8776, 0.4638, 0.7209, 0.8036, 0.959, 0.3429, 0.2981, 0.3082, 0.6348, 1.372, 1.061, 0.6692, 0.2977, 0.5933, 0.4343, 0.8187, 0.2982, 0.5202, 0.7458, 0.4356, 0.401, 0.3384, 0.764, 0.6686, 0.3245, 0.228, 0.3454, 0.4995, 0.2145, 0.0001263], [28.94, 1.403, 1.116, 0.6038, 0.4364, 7.052, 0.9421, 0.4214, 0.2252, 0.2564, 0.002607, 0.1791, 0.3833, 0.3348, 1.965, 0.1458, 0.003678, 0.6714, 0.3696, 0.4151, 0.3705, 0.3418, 0.3711, 0.1801, 0.6138, 1.464, 1.17, 0.2042, 0.233, 0.2811, 0.7348, 0.3943, 0.2203, 0.1199, 0.3098, 0.9905, 0.3604, 0.2225, 0.1333, 0.4939, 0.3912, 0.2842, 0.2363, 0.2099, 0.4076, 0.1095, 0.04334, 0.1082, 0.3323, 0.1912, 0.08682, 0.07159, 0.07621, 0.1606, 0.07456, 0.0001011], [818.7, 12, 4.504, -4.353, 1.96, 55.24, 3.673, 0.9435, 1.434, 2.016, -0.003035, 1.155, 3.474, 1.414, 14.49, 2.181, 0.002779, 5.188, 1.585, 4.133, 1.634, 1.245, 1.316, 1.889, 0.8776, 1.17, 119.3, 3.411, 2.274, 0.5305, 8.901, 4.202, 1.172, 0.5379, 1.815, 20.55, 3.752, 0.9357, 0.6129, 11.49, 2.521, 1.071, 2.549, 1.146, 5.173, 0.7884, 0.1121, 2.341, 1.46, 1.294, -0.008933, 0.02972, 0.5073, 0.4807, 0.02488, 0.0009411], [101.5, 3.359, 3.336, 0.7675, 0.5482, 10.22, 0.6929, 0.5508, 0.4042, 0.3279, 0.003693, 0.22, 0.8382, 0.462, 3.185, 0.2355, -0.004455, 0.976, 0.6157, 1.136, 0.2647, 0.302, 0.469, 0.5008, 0.4638, 0.2042, 3.411, 9.586, 0.6825, 0.3259, 1.251, 0.5931, 0.3727, 0.1876, 0.9467, 2.597, 1.308, 0.3428, 0.2169, 1.359, 0.9555, 0.3325, 0.4951, 0.3513, 0.9716, 0.1726, 0.1133, 0.3853, 0.229, 0.1662, 0.002193, 0.01164, 0.2154, 0.3826, -0.01949, 0.0001258], [60.36, 1.794, 5.209, 3.601, 0.5551, 6.806, 2.169, 1.625, 0.2734, 0.4097, 0.007768, 0.2429, 0.4836, 0.3699, 1.606, 0.255, 0.01088, 0.8925, 0.5815, 0.5909, 0.2924, 0.4573, 0.5001, 0.3028, 0.7209, 0.233, 2.274, 0.6825, 2.766, 0.3048, 1.088, 0.5372, 0.2469, 0.1516, 0.5532, 1.379, 0.6218, 0.6742, 0.2238, 1.126, 0.4244, 0.4793, 0.3521, 0.3465, 0.5965, 0.2409, 0.08608, 0.4903, 0.3102, 0.3097, 0.1063, 0.04853, 0.1773, 0.2597, 0.07854, 0.0001332], [26.78, 1.414, 1.492, 0.812, 0.5588, 5.982, 1.096, 0.5051, 0.2484, 0.2036, -0.0003991, 0.2447, 0.3296, 0.3721, 2.419, 0.1552, 0.005624, 0.6662, 0.5436, 0.384, 0.4064, 0.3812, 0.2724, 0.3201, 0.8036, 0.2811, 0.5305, 0.3259, 0.3048, 1.807, 0.6078, 0.278, 0.3527, 0.2303, 0.4123, 1.122, 0.3588, 0.2713, 0.2019, 0.6103, 0.3228, 0.2831, 0.3094, 0.2288, 0.4561, 0.2054, 0.08637, 0.2432, 0.3482, 0.1137, 0.07581, 0.09703, 0.1337, 0.26, 0.03721, 9.567e-05], [420.6, 11.22, 3.543, 0.8355, 1.851, 56.91, 4.868, 1.909, 0.7879, 1.58, 0.008017, 0.5162, 1.994, 1.416, 16.98, 0.8917, 0.03014, 3.433, 1.321, 2.454, 1.009, 1.063, 1.358, 0.7787, 0.959, 0.7348, 8.901, 1.251, 1.088, 0.6078, 23.88, 3.157, 0.9492, 0.8206, 1.962, 7.573, 1.376, 0.7186, 0.6523, 5.416, 1.545, 0.7833, 1.431, 1.09, 3.181, 0.704, 0.09154, 1.072, 0.9803, 0.7038, 0.1778, 0.08376, 0.3076, 0.7769, -0.04452, 0.000619], [188.3, 5.828, 2.522, -0.1199, 1.012, 29.29, 2.108, 0.7569, 0.3404, 0.8542, 0.006375, 0.2557, 1.112, 0.9767, 5.812, 0.583, 0.01758, 1.273, 0.7758, 0.9547, 0.3455, 0.5595, 0.7539, 0.2646, 0.3429, 0.3943, 4.202, 0.5931, 0.5372, 0.278, 3.157, 6.655, 0.4783, 0.4125, 1.026, 3.743, 0.9129, 0.4221, 0.3246, 2.877, 0.5886, 0.3463, 0.6718, 0.486, 1.205, 0.3145, 0.08151, 0.5266, 0.426, 0.2929, 0.1013, 0.04135, 0.1592, 0.5261, 0.04952, 0.0003081], [55.46, 1.929, 1.937, 1.139, 0.6791, 9.003, 1.261, 0.5534, 0.2761, 0.343, 0.002933, 0.2916, 0.6061, 0.5903, 1.716, 0.2705, 0.01209, 0.832, 0.6448, 0.4644, 0.2862, 0.3468, 0.4417, 0.3419, 0.2981, 0.2203, 1.172, 0.3727, 0.2469, 0.3527, 0.9492, 0.4783, 2.706, 0.2154, 0.5402, 1.231, 0.3454, 0.3263, 0.1998, 0.8418, 0.3598, 0.3424, 0.33, 0.3815, 0.8056, 0.1871, 0.04724, 0.4132, 0.4277, 0.2061, 0.06322, 0.1405, 0.1228, 0.3344, 0.05364, 0.0001227], [37.8, 1.138, 0.6652, 0.6746, 0.5031, 7.364, 0.6355, 0.2808, 0.1406, 0.2258, 0.004155, 0.1718, 0.3233, 0.2499, 2.077, 0.1396, 0.008822, 0.6041, 0.3286, 0.218, 0.1291, 0.2656, 0.2201, 0.1586, 0.3082, 0.1199, 0.5379, 0.1876, 0.1516, 0.2303, 0.8206, 0.4125, 0.2154, 1.054, 0.3716, 1.042, 0.2093, 0.1304, 0.1636, 0.5686, 0.2332, 0.2172, 0.2435, 0.2124, 0.4005, 0.08505, 0.04925, 0.1875, 0.1623, 0.06593, 0.05425, 0.02215, 0.08705, 0.08851, 0.03978, 7.957e-05], [104.8, 3.648, 3.635, 1.623, 0.8885, 23.33, 2.814, 0.8425, 0.3843, 0.542, 0.002493, 0.3512, 0.9377, 0.7708, 5.579, 0.3043, 0.02269, 1.215, 0.6936, 0.8585, 0.3449, 0.6392, 0.5772, 0.598, 0.6348, 0.3098, 1.815, 0.9467, 0.5532, 0.4123, 1.962, 1.026, 0.5402, 0.3716, 4.113, 1.677, 0.5367, 0.5061, 0.3439, 1.767, 0.7549, 0.4985, 0.5712, 0.5493, 0.9512, 0.2618, 0.09586, 0.4921, 0.5703, 0.2675, 0.1276, 0.1865, 0.1515, 0.4304, 0.02782, 0.0002605], [667.5, 16.59, 3.071, 0.817, 2.836, 50.05, 3.789, 1.481, 1.487, 1.938, 0.02026, 0.9736, 3.27, 1.614, 18.29, 1.296, 0.01276, 5.287, 1.696, 3.946, 1.444, 1.426, 1.81, 0.9149, 1.372, 0.9905, 20.55, 2.597, 1.379, 1.122, 7.573, 3.743, 1.231, 1.042, 1.677, 49.34, 3.432, 0.8882, 0.8342, 9.366, 1.874, 1.1, 1.81, 1.47, 4.369, 0.8813, 0.1509, 1.655, 1.306, 0.8888, 0.1064, 0.01625, 0.6866, 1.313, -0.0212, 0.00069], [139.8, 3.742, 3.01, 0.9882, 0.6556, 12.84, 1.198, 0.8066, 0.4591, 0.5595, 0.001859, 0.2973, 0.6846, 0.4951, 3.84, 0.4142, 0.005571, 1.585, 0.71, 1.329, 0.4242, 0.6419, 0.4551, 0.4405, 1.061, 0.3604, 3.752, 1.308, 0.6218, 0.3588, 1.376, 0.9129, 0.3454, 0.2093, 0.5367, 3.432, 7.784, 0.5327, 0.2672, 2.72, 0.716, 0.5766, 0.4268, 0.4677, 1.301, 0.3026, 0.05219, 0.6742, 0.4929, 0.2867, 0.04979, 0.04943, 0.1921, 0.3296, 0.02514, 0.0001582], [38.77, 1.545, 4.778, 1.882, 0.6494, 6.956, 3.571, 1.334, 0.2309, 0.4512, 0.0009941, 0.2014, 0.5708, 0.6134, 2.035, 0.2446, 0.005964, 0.6896, 0.8084, 0.3001, 0.5185, 0.483, 0.4807, 0.0503, 0.6692, 0.2225, 0.9357, 0.3428, 0.6742, 0.2713, 0.7186, 0.4221, 0.3263, 0.1304, 0.5061, 0.8882, 0.5327, 5.328, 0.2051, 0.7106, 0.3579, 0.5817, 0.2495, 0.3499, 0.449, 0.1998, 0.1575, 0.2591, 0.5772, 0.09746, 0.1536, 0.107, 0.164, 0.4309, 0.1052, 0.000104], [28.5, 1.052, 0.6868, 0.5207, 0.3271, 4.874, 0.5742, 0.3126, 0.1834, 0.2531, 0.002332, 0.1555, 0.1688, 0.3238, 1.358, 0.1476, 0.005348, 0.5583, 0.34, 0.4481, 0.2502, 0.31, 0.3416, 0.3702, 0.2977, 0.1333, 0.6129, 0.2169, 0.2238, 0.2019, 0.6523, 0.3246, 0.1998, 0.1636, 0.3439, 0.8342, 0.2672, 0.2051, 1.157, 0.6981, 0.266, 0.2164, 0.2151, 0.2215, 0.4882, 0.1758, 0.05067, 0.183, 0.3404, 0.1414, 0.03988, 0.06825, 0.09523, 0.1709, 0.01117, 6.932e-05], [423, 9.567, 0.766, -0.3811, 0.929, 38.19, 3.746, 1.135, 0.8996, 1.384, -0.0005107, 0.602, 1.929, 1.525, 10.82, 1.015, 0.008176, 3.293, 1.253, 2.387, 0.8381, 1.032, 1.199, 0.5782, 0.5933, 0.4939, 11.49, 1.359, 1.126, 0.6103, 5.416, 2.877, 0.8418, 0.5686, 1.767, 9.366, 2.72, 0.7106, 0.6981, 22.81, 1.776, 0.5686, 1.806, 1.233, 2.827, 0.7233, 0.1054, 1.824, 0.7231, 0.4951, 0.01647, 0.0182, 0.3808, 0.5915, 0.003028, 0.0004483], [64.89, 3.061, 2.141, 0.9386, 0.7758, 11.29, 1.298, 0.4312, 0.4078, 0.611, 0.0002514, 0.2949, 0.6082, 0.2612, 3.611, 0.2085, 0.0009257, 0.8548, 0.433, 0.6044, 0.4531, 0.3283, 0.5885, -0.2215, 0.4343, 0.3912, 2.521, 0.9555, 0.4244, 0.3228, 1.545, 0.5886, 0.3598, 0.2332, 0.7549, 1.874, 0.716, 0.3579, 0.266, 1.776, 5.718, 0.3972, 0.4993, 0.3172, 0.9213, 0.2219, 0.03597, 0.453, 0.5546, 0.2565, 0.09217, 0.06794, 0.1511, 0.2718, -0.01431, 0.0001589], [26.39, 1.836, 2.9, 1.782, 0.8048, 5.728, 1.296, 0.7764, 0.29, 0.2732, 0.003351, 0.3295, 0.493, 0.4805, 2.579, 0.2145, 0.004601, 0.7833, 0.6262, 0.6246, 0.3929, 0.4865, 0.4898, 0.2432, 0.8187, 0.2842, 1.071, 0.3325, 0.4793, 0.2831, 0.7833, 0.3463, 0.3424, 0.2172, 0.4985, 1.1, 0.5766, 0.5817, 0.2164, 0.5686, 0.3972, 2.607, 0.2326, 0.3781, 0.6522, 0.2064, 0.08171, 0.3083, 0.6316, 0.2126, 0.1421, 0.055, 0.124, 0.2454, 0.1352, 0.0001177], [85.61, 2.293, 0.7613, 0.6863, 0.4345, 10.88, 0.7735, 0.4562, 0.2156, 0.4005, 0.003251, 0.2559, 0.685, 0.3966, 4.056, 0.2915, 0.007238, 1.041, 0.5338, 0.445, 0.3106, 0.3772, 0.4214, 0.2311, 0.2982, 0.2363, 2.549, 0.4951, 0.3521, 0.3094, 1.431, 0.6718, 0.33, 0.2435, 0.5712, 1.81, 0.4268, 0.2495, 0.2151, 1.806, 0.4993, 0.2326, 2.589, 0.3087, 0.7674, 0.2209, 0.02181, 0.4818, 0.2741, 0.1694, 0.04165, 0.09103, 0.1708, 0.2653, 0.01473, 0.0001468], [39.81, 1.177, 1.804, 0.5939, 0.5631, 7.023, 1.605, 0.4201, 0.2759, 0.4173, 0.0009407, 0.2629, 0.5627, 0.5326, 2.133, 0.3488, 0.004703, 0.9427, 0.6615, 0.3604, 0.2776, 0.5003, 0.3124, 0.2369, 0.5202, 0.2099, 1.146, 0.3513, 0.3465, 0.2288, 1.09, 0.486, 0.3815, 0.2124, 0.5493, 1.47, 0.4677, 0.3499, 0.2215, 1.233, 0.3172, 0.3781, 0.3087, 2.653, 0.7618, 0.1744, 0.01504, 0.5345, 0.4153, 0.2367, 0.04954, 0.08704, 0.1423, 0.2267, 0.03359, 0.0001195], [176.9, 4.848, 2.343, 0.1496, 1.103, 17.57, 0.9887, 0.8296, 0.5605, 0.8807, -0.0009778, 0.5227, 1.266, 0.7567, 6.429, 0.6997, 0.01039, 2.158, 1.116, 1.185, 0.8018, 1.102, 0.9459, 0.4035, 0.7458, 0.4076, 5.173, 0.9716, 0.5965, 0.4561, 3.181, 1.205, 0.8056, 0.4005, 0.9512, 4.369, 1.301, 0.449, 0.4882, 2.827, 0.9213, 0.6522, 0.7674, 0.7618, 8.446, 0.4948, 0.0809, 0.9276, 0.9929, 1.742, 0.08793, 0.05696, 0.3084, 0.6454, 0.03013, 0.0002439], [33.96, 0.75, 0.9824, 0.6221, 0.2684, 4.134, 0.5342, 0.2569, 0.1488, 0.199, 0.002252, 0.1489, 0.1739, 0.2603, 1.717, 0.1494, 0.005273, 0.5453, 0.3121, 0.3384, 0.1881, 0.2442, 0.3111, 0.09945, 0.4356, 0.1095, 0.7884, 0.1726, 0.2409, 0.2054, 0.704, 0.3145, 0.1871, 0.08505, 0.2618, 0.8813, 0.3026, 0.1998, 0.1758, 0.7233, 0.2219, 0.2064, 0.2209, 0.1744, 0.4948, 0.8036, 0.04045, 0.2191, 0.2534, 0.1117, 0.03124, 0.03503, 0.1134, 0.1765, 0.01725, 7.8e-05], [1.262, 0.476, 0.9717, 0.1098, 0.2095, 1.162, 0.2112, 0.2615, 0.05052, 0.0522, 0.0007564, 0.0576, 0.07944, 0.1152, 0.164, 0.02727, 0.001799, 0.1234, 0.1466, 0.06372, 0.166, 0.07506, 0.09778, 0.1282, 0.401, 0.04334, 0.1121, 0.1133, 0.08608, 0.08637, 0.09154, 0.08151, 0.04724, 0.04925, 0.09586, 0.1509, 0.05219, 0.1575, 0.05067, 0.1054, 0.03597, 0.08171, 0.02181, 0.01504, 0.0809, 0.04045, 0.5166, 0.01705, 0.09211, 0.03897, 0.1593, 0.05014, 0.02674, 0.03105, 0.009625, 1.965e-05], [71.06, 1.984, 1.779, 0.21, 0.4764, 8.762, 1.018, 0.3676, 0.3268, 0.4626, 0.0007684, 0.2136, 0.6737, 0.3764, 2.439, 0.3179, 0.0069, 1.25, 0.3984, 0.6417, 0.3693, 0.2606, 0.4731, 0.1246, 0.3384, 0.1082, 2.341, 0.3853, 0.4903, 0.2432, 1.072, 0.5266, 0.4132, 0.1875, 0.4921, 1.655, 0.6742, 0.2591, 0.183, 1.824, 0.453, 0.3083, 0.4818, 0.5345, 0.9276, 0.2191, 0.01705, 3.724, 0.2331, 0.2247, 0.02967, 0.0687, 0.1153, 0.2166, 0.009507, 0.0001194], [34.42, 2.61, 2.562, 1.249, 0.9352, 6.939, 1.332, 0.5628, 0.3349, 0.4155, 0.004348, 0.3078, 0.5375, 0.527, 2.233, 0.248, 0.01132, 0.8885, 0.9108, 0.6108, 0.6087, 0.6306, 0.6813, 0.4206, 0.764, 0.3323, 1.46, 0.229, 0.3102, 0.3482, 0.9803, 0.426, 0.4277, 0.1623, 0.5703, 1.306, 0.4929, 0.5772, 0.3404, 0.7231, 0.5546, 0.6316, 0.2741, 0.4153, 0.9929, 0.2534, 0.09211, 0.2331, 4.085, 0.3658, 0.08978, 0.1715, 0.154, 0.3864, 0.08278, 0.0001484], [33.9, 0.5795, 0.3027, 1.319, 0.2505, 4.031, 0.6612, 0.3475, 0.1496, 0.1696, 0.00669, 0.1852, 0.2971, 0.3011, 1.709, 0.1764, 0.006012, 0.1846, 0.5025, 0.4275, 0.3656, 0.3454, 0.1802, 0.2148, 0.6686, 0.1912, 1.294, 0.1662, 0.3097, 0.1137, 0.7038, 0.2929, 0.2061, 0.06593, 0.2675, 0.8888, 0.2867, 0.09746, 0.1414, 0.4951, 0.2565, 0.2126, 0.1694, 0.2367, 1.742, 0.1117, 0.03897, 0.2247, 0.3658, 4.577, 0.1111, 0.09258, 0.1159, 0.214, -0.01055, 3.497e-05], [1.554, 0.7022, 0.9636, 0.08477, 0.2487, 0.7936, 0.5608, 0.1977, 0.09067, 0.07947, 0.001179, 0.04918, 0.09157, 0.1383, 0.3763, 0.0161, 0.003001, 0.07425, 0.1872, 0.1253, 0.1967, 0.17, 0.1218, 0.1272, 0.3245, 0.08682, -0.008933, 0.002193, 0.1063, 0.07581, 0.1778, 0.1013, 0.06322, 0.05425, 0.1276, 0.1064, 0.04979, 0.1536, 0.03988, 0.01647, 0.09217, 0.1421, 0.04165, 0.04954, 0.08793, 0.03124, 0.1593, 0.02967, 0.08978, 0.1111, 0.6471, 0.04419, 0.04932, 0.0802, 0.03626, 1.099e-05], [1.376, 0.2798, 0.7208, 0.2324, 0.2715, 1.193, 0.8052, 0.1456, 0.05869, -0.01816, 0.0009056, 0.04704, 0.1515, 0.08075, 0.2882, 0.0719, 0.002361, 0.3202, 0.1586, 0.1411, 0.1007, 0.1175, 0.1483, 0.09526, 0.228, 0.07159, 0.02972, 0.01164, 0.04853, 0.09703, 0.08376, 0.04135, 0.1405, 0.02215, 0.1865, 0.01625, 0.04943, 0.107, 0.06825, 0.0182, 0.06794, 0.055, 0.09103, 0.08704, 0.05696, 0.03503, 0.05014, 0.0687, 0.1715, 0.09258, 0.04419, 0.6422, 0.04156, 0.1104, 0.04544, 1.787e-05], [23.16, 0.9273, 0.7837, 0.369, 0.1367, 1.918, 0.2792, 0.2048, 0.1392, 0.1108, 0.001613, 0.09788, 0.1728, 0.1475, 1.028, 0.1118, 0.001349, 0.3412, 0.2822, 0.2602, 0.1452, 0.1819, 0.2358, 0.1169, 0.3454, 0.07621, 0.5073, 0.2154, 0.1773, 0.1337, 0.3076, 0.1592, 0.1228, 0.08705, 0.1515, 0.6866, 0.1921, 0.164, 0.09523, 0.3808, 0.1511, 0.124, 0.1708, 0.1423, 0.3084, 0.1134, 0.02674, 0.1153, 0.154, 0.1159, 0.04932, 0.04156, 0.5731, 0.1771, 0.02559, 4.029e-05], [34.44, 1.429, 1.532, 0.816, 0.3705, 3.412, 0.7913, 0.4527, 0.2346, 0.2067, 0.001098, 0.1621, 0.3539, 0.3122, 0.9893, 0.2034, 0.00031, 0.6723, 0.4302, 0.5406, 0.2709, 0.38, 0.3522, 0.3609, 0.4995, 0.1606, 0.4807, 0.3826, 0.2597, 0.26, 0.7769, 0.5261, 0.3344, 0.08851, 0.4304, 1.313, 0.3296, 0.4309, 0.1709, 0.5915, 0.2718, 0.2454, 0.2653, 0.2267, 0.6454, 0.1765, 0.03105, 0.2166, 0.3864, 0.214, 0.0802, 0.1104, 0.1771, 2.115, 0.08628, 8.223e-05], [0.2817, 0.2538, 1.093, 0.2208, 0.02104, -0.7421, 0.5402, 0.2242, 0.04396, 0.02387, 0.00143, 0.05577, 0.01793, 0.1214, -0.3095, 0.01608, 0.0006122, 0.1382, 0.1046, 0.1081, 0.0841, 0.06909, 0.09212, 0.06612, 0.2145, 0.07456, 0.02488, -0.01949, 0.07854, 0.03721, -0.04452, 0.04952, 0.05364, 0.03978, 0.02782, -0.0212, 0.02514, 0.1052, 0.01117, 0.003028, -0.01431, 0.1352, 0.01473, 0.03359, 0.03013, 0.01725, 0.009625, 0.009507, 0.08278, -0.01055, 0.03626, 0.04544, 0.02559, 0.08628, 0.9266, -3.4e-06], [0.03595, 0.00129, 0.0004801, 0.0002616, 0.0002889, 0.007149, 0.0007042, 0.0002229, 0.0001097, 0.0001496, 1.515e-06, 7.845e-05, 0.0003297, 0.0001628, 0.001508, 0.0001215, 3.514e-06, 0.0004167, 0.0001684, 0.0002107, 0.0001068, 9.273e-05, 0.0001772, 9.263e-05, 0.0001263, 0.0001011, 0.0009411, 0.0001258, 0.0001332, 9.567e-05, 0.000619, 0.0003081, 0.0001227, 7.957e-05, 0.0002605, 0.00069, 0.0001582, 0.000104, 6.932e-05, 0.0004483, 0.0001589, 0.0001177, 0.0001468, 0.0001195, 0.0002439, 7.8e-05, 1.965e-05, 0.0001194, 0.0001484, 3.497e-05, 1.099e-05, 1.787e-05, 4.029e-05, 8.223e-05, -3.4e-06, 0.0001]]
