dataType: efficiencyMap
dataId: 8NJetinf_1250HT1500_200MHTinf
observedN: 5
expectedBG: 3.3
bgError: 1.7
upperLimit: 0.411599034739*fb
expectedUpperLimit: 0.302045629604*fb
